66.000000
0.000000
293.000000
0.000000
627.000000
607.000000
0.000000
691.000000
0.000000
0.000000
0.000000
0.000000
0.000000
0.000000
0.000000
277.000000
652.000000
143.000000
684.000000
103.000000
394.000000
292.000000
0.000000
0.000000
0.000000
634.000000
224.000000
738.000000
0.000000
0.000000
0.000000
0.000000
0.000000
0.000000
0.000000
458.000000
0.000000
0.000000
308.000000
0.000000
0.000000
2182.000000
334.000000
0.000000
592.000000
216.000000
233.000000
0.000000
95.000000
0.000000
179.000000
0.000000
732.000000
498.000000
375.000000
353.000000
485.000000
1130.000000
0.000000
381.000000
1059.000000
0.000000
473.000000
123.000000
153.000000
31.000000
244.000000
741.000000
61.000000
1101.000000
619.000000
480.000000
541.000000
421.000000
0.000000
128.000000
0.000000
0.000000
2036.000000
0.000000
0.000000
0.000000
532.000000
661.000000
0.000000
593.000000
236.000000
0.000000
0.000000
0.000000
614.000000
518.000000
0.000000
366.000000
596.000000
120.000000
299.000000
378.000000
0.000000
545.000000
517.000000
151.000000
0.000000
0.000000
308.000000
0.000000
0.000000
160.000000
0.000000
0.000000
0.000000
0.000000
394.000000
1502.000000
145.000000
666.000000
467.000000
603.000000
0.000000
476.000000
0.000000
123.000000
110.000000
1332.000000
481.000000
598.000000
913.000000
117.000000
486.000000
0.000000
0.000000
365.000000
0.000000
219.000000
460.000000
0.000000
0.000000
41.000000
250.000000
0.000000
0.000000
144.000000
239.000000
0.000000
183.000000
0.000000
0.000000
0.000000
0.000000
0.000000
230.000000
278.000000
393.000000
0.000000
313.000000
0.000000
267.000000
470.000000
0.000000
0.000000
466.000000
0.000000
0.000000
0.000000
0.000000
702.000000
695.000000
0.000000
511.000000
430.000000
12.000000
568.000000
0.000000
0.000000
366.000000
0.000000
0.000000
0.000000
0.000000
0.000000
0.000000
0.000000
1.000000
0.000000
1.000000
0.000000
1.000000
1.000000
0.000000
1.000000
0.000000
0.000000
0.000000
0.000000
0.000000
0.000000
0.000000
1.000000
1.000000
1.000000
1.000000
1.000000
1.000000
1.000000
0.000000
0.000000
0.000000
1.000000
1.000000
1.000000
0.000000
0.000000
0.000000
0.000000
0.000000
0.000000
0.000000
1.000000
0.000000
0.000000
1.000000
0.000000
0.000000
1.000000
1.000000
0.000000
1.000000
1.000000
1.000000
0.000000
1.000000
0.000000
1.000000
0.000000
1.000000
1.000000
1.000000
1.000000
1.000000
1.000000
0.000000
1.000000
1.000000
0.000000
1.000000
1.000000
1.000000
1.000000
1.000000
1.000000
1.000000
1.000000
1.000000
1.000000
1.000000
1.000000
0.000000
1.000000
0.000000
0.000000
1.000000
0.000000
0.000000
0.000000
1.000000
1.000000
0.000000
1.000000
1.000000
0.000000
0.000000
0.000000
1.000000
1.000000
0.000000
1.000000
1.000000
1.000000
1.000000
1.000000
0.000000
1.000000
1.000000
1.000000
0.000000
0.000000
1.000000
0.000000
0.000000
1.000000
0.000000
0.000000
0.000000
0.000000
1.000000
1.000000
1.000000
1.000000
1.000000
1.000000
0.000000
1.000000
0.000000
1.000000
1.000000
1.000000
1.000000
1.000000
1.000000
1.000000
1.000000
0.000000
0.000000
1.000000
0.000000
1.000000
1.000000
0.000000
0.000000
1.000000
1.000000
0.000000
0.000000
1.000000
1.000000
0.000000
1.000000
0.000000
0.000000
0.000000
0.000000
0.000000
1.000000
1.000000
1.000000
0.000000
1.000000
0.000000
1.000000
1.000000
0.000000
0.000000
1.000000
0.000000
0.000000
0.000000
0.000000
1.000000
1.000000
0.000000
1.000000
1.000000
1.000000
1.000000
0.000000
0.000000
1.000000
0.000000
0.000000
0.000000
0.000000
0.000000
0.000000
0.000000
